,Kanton,Year,Pre_school,Primary_school,Secondary_school,Divorces,CVP,SP,SVP,Population,Cars,Foreigners,Jobless_p1k,Average_age_when_married,Average_duration_of_marriage_when_divorced
0,Aargau,1999,12813,33535,27761,1453,17.3,21.7,21.9,540639,352860,98757.0,21.09,29.2,12.964749
1,Aargau,2000,12813,33535,27761,780,17.3,21.7,21.9,544306,362575,100626.0,13.5,29.4,14.385246
2,Aargau,2001,12768,32928,27566,1065,15.0,18.6,33.5,550298,372143,101817.0,12.14,29.5,13.528438
3,Aargau,2002,12775,32532,27835,1163,15.0,18.6,33.5,555782,389112,105743.0,21.23,29.8,13.670864
4,Aargau,2003,12428,32073,28466,1227,15.0,18.6,33.5,560674,389112,108426.0,33.3,29.7,13.958332
5,Aargau,2003,12183,31530,28635,1227,15.0,18.6,33.5,560674,389112,108426.0,33.3,29.7,13.958332
6,Aargau,2005,11956,30937,28373,1525,17.5,19.7,30.3,569344,403231,112527.0,32.52,29.9,15.136619
7,Aargau,2006,11592,30512,28101,1613,17.5,19.7,30.3,574813,409764,114482.0,28.57,29.9,15.272013
8,Aargau,2007,11495,30208,27641,1453,17.5,19.7,30.3,581562,417742,115404.0,23.55,30.2,15.449115
9,Aargau,2008,11843,30083,27397,1415,17.5,19.7,30.3,591632,424718,118407.0,22.93,30.3,15.374217
10,Aargau,2009,12201,29928,27460,1409,15.0,15.7,31.9,600040,428203,123983.0,33.85,30.3,14.858288
11,Aargau,2010,12112,29763,27286,1695,15.0,15.7,31.9,611466,440480,128757.0,31.29,30.6,14.934512
12,Aargau,2011,12101,29737,27202,1279,15.0,15.7,31.9,618298,452282,133998.0,25.66,30.6,15.707209
13,Aargau,2012,12254,29676,26745,1241,15.0,15.7,31.9,627340,463958,137766.0,26.85,30.5,15.294459
14,Aargau,2013,13221,30011,26326,1222,15.0,15.7,31.9,636362,473792,143252.0,28.49,30.5,15.446358
15,Aargau,2014,13783,36458,19964,1239,15.0,15.7,31.9,645277,483150,148444.0,27.86,30.6,15.52409
16,Aargau,2014,13783,36458,19964,1239,15.0,15.7,31.9,645277,483150,148444.0,27.86,30.6,15.52409
17,Aargau,2015,13990,37810,19680,1301,15.0,15.7,31.9,653675,490185,153933.0,29.88,30.6,15.699381
18,Aargau,2016,14068,39306,19554,1294,12.1,18.9,31.9,663462,498194,158398.0,31.56,30.7,15.518206
19,Aargau,2017,14186,42284,20555,1196,12.1,18.9,31.9,670988,505108,163750.0,30.37,30.6,15.635479
20,Aargau,2018,14167,43269,20453,1268,12.1,18.9,31.9,678207,513127,167279.0,25.79,30.7,15.54994314
21,Aargau,2019,14422,43900,20860,1391,12.1,18.9,31.9,685845,519246,170424.0,24.71,30.7,15.90227765
22,Aargau,2020,14814,44566,21028,1205,12.8,16.3,30.1,694072,528456,173495.0,33.81,30.8,16.18385496
23,Appenzell A. Rh.,1999,1400,4386,2026,133,,,,53737,33563,,9.41,28.5,13.383615
24,Appenzell A. Rh.,2000,1400,4386,2026,78,,,,53515,34214,,8.01,28.0,15.92202
25,Appenzell A. Rh.,2001,1313,4380,1956,113,,,,53138,34739,,8.85,29.1,15.118052
26,Appenzell A. Rh.,2002,1300,4320,2031,113,,,,53097,35868,,15.73,29.4,13.150596
27,Appenzell A. Rh.,2003,1310,4275,2083,122,,,,52976,35868,,21.4,29.9,14.604393
28,Appenzell A. Rh.,2003,1226,4171,2120,122,,,,52976,35868,,21.4,29.9,14.604393
29,Appenzell A. Rh.,2005,1128,4085,2140,173,,,,52561,36689,,21.85,29.4,16.186083
30,Appenzell A. Rh.,2006,1059,3962,2139,130,,,,52509,36205,,18.97,29.5,15.699577
31,Appenzell A. Rh.,2007,993,3825,2094,113,,,,52654,36704,,15.17,29.9,15.669648
32,Appenzell A. Rh.,2008,957,3707,2039,122,,,,53054,37724,,13.89,29.6,13.956967
33,Appenzell A. Rh.,2009,933,3515,1984,144,,,,53043,38963,,21.22,30.1,15.59372
34,Appenzell A. Rh.,2010,922,3344,1992,150,,,,53017,37612,,18.88,30.0,16.12499
35,Appenzell A. Rh.,2011,970,3177,1948,107,,,,53313,38536,,14.0,31.2,16.040178
36,Appenzell A. Rh.,2012,997,3049,1864,105,,,,53438,39530,,15.22,30.5,14.799338
37,Appenzell A. Rh.,2013,1007,3016,1738,116,,,,53691,40323,,17.04,30.9,16.118789
38,Appenzell A. Rh.,2014,1048,2993,1655,99,,,,54064,41122,,17.41,30.6,17.731359
39,Appenzell A. Rh.,2014,1048,2993,1655,99,,,,54064,41122,,17.41,30.6,17.731359
40,Appenzell A. Rh.,2015,1087,2982,1573,119,,,,54543,41947,,18.61,30.6,16.55255
41,Appenzell A. Rh.,2016,1108,3084,1493,87,,,,54954,42651,,18.23,30.9,16.765225
42,Appenzell A. Rh.,2017,1130,3242,1540,91,,,,55178,43378,,17.55,31.0,16.779497
43,Appenzell A. Rh.,2018,1149,3286,1502,109,,,,55234,43717,,14.94,30.6,18.22891028
44,Appenzell A. Rh.,2019,1208,3334,1521,111,,,,55445,43888,,15.75,31.3,15.57675758
45,Appenzell A. Rh.,2020,1274,3411,1546,102,,,,55309,44351,,21.51,30.6,15.00298835
46,Appenzell I. Rh.,1999,463,1341,729,23,,,,14946,9225,,5.08,28.1,15.699011
47,Appenzell I. Rh.,2000,463,1341,729,12,,,,15021,9520,,3.0,27.9,18.055993
48,Appenzell I. Rh.,2001,423,1362,736,16,,,,14977,9801,,2.74,28.9,12.565612
49,Appenzell I. Rh.,2002,429,1354,733,18,,,,14985,10237,,8.14,29.0,15.636677
50,Appenzell I. Rh.,2003,405,1339,772,9,,,,15010,10237,,14.0,28.9,8.380257
51,Appenzell I. Rh.,2003,377,1326,776,9,,,,15010,10237,,14.0,28.9,8.380257
52,Appenzell I. Rh.,2005,372,1274,815,31,,,,15220,10692,,14.73,29.0,15.806728
53,Appenzell I. Rh.,2006,377,1238,817,32,,,,15300,10823,,11.34,28.9,13.733233
54,Appenzell I. Rh.,2007,374,1194,795,21,,,,15471,11075,,10.09,29.3,15.695869
55,Appenzell I. Rh.,2008,334,1160,775,15,,,,15549,11216,,8.63,30.2,25.615974
56,Appenzell I. Rh.,2009,308,1143,740,15,,,,15681,11903,,13.37,29.8,19.669629
57,Appenzell I. Rh.,2010,293,1084,709,34,,,,15688,11968,,10.4,31.2,16.592256
58,Appenzell I. Rh.,2011,290,1033,673,16,,,,15743,12295,,8.43,29.9,16.386748
59,Appenzell I. Rh.,2012,308,976,652,23,,,,15717,12533,,12.07,30.8,17.811585
60,Appenzell I. Rh.,2013,329,928,631,24,,,,15778,12731,,14.2,31.4,16.88958
61,Appenzell I. Rh.,2014,327,904,609,27,,,,15854,12948,,10.73,29.9,22.657281
62,Appenzell I. Rh.,2014,327,904,609,27,,,,15854,12948,,10.73,29.9,22.657281
63,Appenzell I. Rh.,2015,319,893,590,15,,,,15974,13379,,10.24,30.9,21.124758
64,Appenzell I. Rh.,2016,345,892,554,17,,,,16003,13719,,10.89,30.4,16.845231
65,Appenzell I. Rh.,2017,344,959,515,19,,,,16105,13978,,9.51,31.8,11.783776
66,Appenzell I. Rh.,2018,334,995,474,25,,,,16145,14193,,9.82,31.3,13.53684371
67,Appenzell I. Rh.,2019,358,1004,463,16,,,,16128,14412,,10.73,31.0,14.46771507
68,Appenzell I. Rh.,2020,367,1004,493,32,,,,16293,14671,,11.18,31.4,18.14999306
69,Basel-Landschaft,1999,5470,13765,11734,820,13.0,24.8,15.9,258602,152198,41789.0,18.15,29.3,14.593581
70,Basel-Landschaft,2000,5470,13765,11734,234,13.0,24.8,15.9,260036,156192,43021.0,13.64,29.5,13.464131
71,Basel-Landschaft,2001,5463,13505,11709,523,13.0,24.8,15.9,261083,160186,43595.0,13.51,29.4,14.746922
72,Basel-Landschaft,2002,5417,13387,11723,519,13.0,24.8,15.9,262949,166511,45318.0,19.17,29.6,14.992123
73,Basel-Landschaft,2003,5431,13269,11732,549,11.3,25.9,21.8,264402,166511,46513.0,29.4,29.8,14.287505
74,Basel-Landschaft,2003,5389,12908,11722,549,11.3,25.9,21.8,264402,166511,46513.0,29.4,29.8,14.287505
75,Basel-Landschaft,2005,5200,12837,11646,727,11.3,25.9,21.8,266089,169099,47082.0,33.03,30.0,15.188713
76,Basel-Landschaft,2006,5092,12706,11509,766,11.3,25.9,21.8,267166,171392,47296.0,27.72,30.1,15.839744
77,Basel-Landschaft,2007,4868,12615,11387,630,12.1,22.9,22.5,269145,171608,47621.0,23.12,30.4,15.692118
78,Basel-Landschaft,2008,4791,12462,11193,698,12.1,22.9,22.5,271214,174910,48719.0,22.18,30.9,15.119909
79,Basel-Landschaft,2009,4861,12287,11104,604,12.1,22.9,22.5,272815,183264,50247.0,33.43,30.7,15.271556
80,Basel-Landschaft,2010,4773,12588,11377,683,12.1,22.9,22.5,274404,177631,51696.0,33.23,30.9,15.288702
81,Basel-Landschaft,2011,4912,12192,11408,589,9.3,22.0,24.0,275360,180295,52991.0,27.37,31.0,15.152458
82,Basel-Landschaft,2012,5167,12252,11386,589,9.3,22.0,24.0,276537,182575,54054.0,27.15,30.7,15.369008
83,Basel-Landschaft,2013,5372,12488,11289,558,9.3,22.0,24.0,278656,183349,55614.0,26.97,30.9,15.633297
84,Basel-Landschaft,2014,5432,12835,11134,542,9.3,22.0,24.0,281301,185406,57650.0,26.68,30.8,15.114972
85,Basel-Landschaft,2014,5432,12835,11134,542,9.3,22.0,24.0,281301,185406,57650.0,26.68,30.8,15.114972
86,Basel-Landschaft,2015,5466,15632,8371,525,9.6,22.0,26.7,283231,187537,59923.0,27.48,31.0,15.4806
87,Basel-Landschaft,2016,5453,16141,8316,570,9.6,22.0,26.7,285624,189909,61742.0,30.05,30.8,15.022746
88,Basel-Landschaft,2017,5592,17531,8754,492,9.6,22.0,26.7,287023,191895,63634.0,28.71,31.2,15.324344
89,Basel-Landschaft,2018,5555,17753,8716,591,9.6,22.0,26.7,288132,193540,64680.0,22.42,31.5,14.94258909
90,Basel-Landschaft,2019,5504,17894,8963,512,9.3,22.8,22.7,289468,195220,65736.0,18.53,31.2,14.69864353
91,Basel-Landschaft,2020,5458,17873,9281,552,9.3,22.8,22.7,290969,197987,66853.0,25.54,31.3,15.40338515
92,Basel-Stadt,1999,3336,6259,8224,577,,,,188458,79379,50263.0,24.7,30.3,11.950606
93,Basel-Stadt,2000,3336,6259,8224,228,9.9,26.0,10.0,187667,79693,50634.0,21.01,30.3,10.768918
94,Basel-Stadt,2001,3069,6106,7878,520,9.9,26.0,10.0,186469,81031,50813.0,21.61,29.5,11.722946
95,Basel-Stadt,2002,3053,5911,8067,477,9.9,26.0,10.0,186719,82125,51644.0,30.02,29.8,12.213583
96,Basel-Stadt,2003,3030,5822,8182,502,9.9,26.0,10.0,186653,82125,52989.0,42.6,29.8,12.250921
97,Basel-Stadt,2003,3112,5725,8047,502,9.9,26.0,10.0,186653,82125,52989.0,42.6,29.8,12.250921
98,Basel-Stadt,2005,2990,5785,7982,585,8.1,31.2,12.1,185601,83603,54755.0,40.62,30.1,12.263955
99,Basel-Stadt,2006,2916,5594,8030,598,8.1,31.2,12.1,184822,82395,54809.0,37.32,30.0,12.623631
100,Basel-Stadt,2007,2868,5458,7943,587,8.1,31.2,12.1,185227,82424,55588.0,32.38,30.1,12.501597
101,Basel-Stadt,2008,3000,5392,7796,527,9.3,28.2,13.9,186672,83478,56106.0,29.96,30.9,12.533013
102,Basel-Stadt,2009,3129,5252,7704,554,9.3,28.2,13.9,187898,82159,57382.0,37.97,31.3,12.719219
103,Basel-Stadt,2010,3024,5593,7648,647,9.3,28.2,13.9,184950,84209,59182.0,41.76,31.0,12.017137
104,Basel-Stadt,2011,3146,5649,7632,411,9.3,28.2,13.9,186255,85039,60085.0,36.52,30.5,11.795022
105,Basel-Stadt,2012,3304,5784,7522,449,7.3,30.7,15.0,187425,86232,61666.0,36.53,30.6,12.814292
106,Basel-Stadt,2013,3349,7532,6047,412,7.3,30.7,15.0,189335,85609,62928.0,37.26,30.4,12.573156
107,Basel-Stadt,2014,3477,9077,4506,405,7.3,30.7,15.0,190580,86015,64857.0,33.93,30.7,13.019644
108,Basel-Stadt,2014,3477,9077,4506,405,7.3,30.7,15.0,190580,86015,64857.0,33.93,30.7,13.019644
109,Basel-Stadt,2015,3676,9391,4471,412,7.3,30.7,15.0,191817,85191,66306.0,36.53,31.1,12.940223
110,Basel-Stadt,2016,3690,9538,4479,413,5.9,32.5,14.3,193070,85984,67452.0,38.67,30.7,13.459404
111,Basel-Stadt,2017,3676,10151,4722,348,5.9,32.5,14.3,193908,86113,69044.0,36.04,31.5,13.646416
112,Basel-Stadt,2018,3687,10416,4644,361,5.9,32.5,14.3,194766,86100,69761.0,32.52,31.1,13.03521667
113,Basel-Stadt,2019,3783,10659,4781,394,5.9,32.5,14.3,195844,85723,70899.0,29.78,31.3,13.252449
114,Basel-Stadt,2020,3900,10671,4896,378,6.3,30.0,11.0,196735,85030,71759.0,39.24,32.0,13.34587988
115,Bern,1999,14688,64400,31121,2737,0.9,25.9,31.7,943427,560838,108208.0,18.86,29.0,13.169677
116,Bern,2000,14688,64400,31121,1006,0.9,25.9,31.7,943696,576322,110577.0,13.29,29.1,14.063078
117,Bern,2001,14657,62950,31334,1832,0.9,25.9,31.7,946310,591713,110946.0,11.58,29.2,13.820254
118,Bern,2002,14788,62516,31734,1890,1.0,26.1,31.8,949590,629495,114651.0,17.52,29.4,13.59055
119,Bern,2003,14818,61701,32148,1993,1.0,26.1,31.8,951957,629495,115884.0,28.4,29.5,13.591797
120,Bern,2003,15017,60129,32328,1993,1.0,26.1,31.8,951957,629495,115884.0,28.4,29.5,13.591797
121,Bern,2005,15478,58500,32578,2775,1.0,26.1,31.8,957064,643304,118423.0,28.31,29.7,14.695714
122,Bern,2006,15515,57551,32151,2618,1.8,24.0,27.4,958897,667854,118712.0,24.94,29.8,15.032316
123,Bern,2007,15396,56447,31558,2402,1.8,24.0,27.4,962982,671861,117709.0,19.93,29.9,14.898435
124,Bern,2008,15576,55192,30923,2333,1.8,24.0,27.4,969299,681496,119930.0,17.51,30.2,14.682401
125,Bern,2009,15992,54212,30744,2373,1.8,24.0,27.4,974235,658351,123649.0,26.41,30.2,14.837075
126,Bern,2010,16375,53825,30498,2713,1.3,18.9,26.6,979802,670515,127082.0,26.57,30.3,14.797712
127,Bern,2011,16544,53104,29968,2259,1.3,18.9,26.6,985046,681005,131702.0,20.41,30.8,14.671967
128,Bern,2012,17302,52601,29187,2286,1.3,18.9,26.6,992617,693057,134814.0,20.06,30.6,14.61947
129,Bern,2013,18887,52305,28692,2162,1.3,18.9,26.6,1001281,704213,139015.0,23.33,30.7,14.414896
130,Bern,2014,19907,54474,28531,2055,0.8,19.1,29.0,1009418,714853,145541.0,23.46,30.7,14.666702
131,Bern,2014,19907,54474,28531,2055,0.8,19.1,29.0,1009418,714853,145541.0,23.46,30.7,14.666702
132,Bern,2015,20366,55666,28171,2087,0.8,19.1,29.0,1017483,724953,151503.0,25.11,30.7,14.561466
133,Bern,2016,19919,57278,27711,2084,0.8,19.1,29.0,1026513,735429,157466.0,27.18,30.9,14.933879
134,Bern,2017,19923,60549,28987,1950,0.8,19.1,29.0,1031126,742794,164899.0,25.47,31.0,14.812368
135,Bern,2018,20099,61310,29102,1913,0.8,19.1,29.0,1034977,749289,166781.0,18.82,31.0,15.01322372
136,Bern,2019,20209,62040,29473,1935,0.8,19.1,29.0,1039474,754390,169071.0,17.85,31.1,15.0270774
137,Bern,2020,20648,62295,29936,2015,0.8,19.1,29.0,1043132,763059,172286.0,25.25,31.1,15.22898311
138,Freiburg,1999,3719,18852,8967,559,33.6,23.2,8.4,234307,152743,32133.0,25.03,28.4,13.706154
139,Freiburg,2000,3719,18852,8967,448,33.6,23.2,8.4,236339,156608,32856.0,15.07,28.4,13.873646
140,Freiburg,2001,3717,19410,9251,536,33.5,19.6,11.8,240339,161132,33034.0,13.34,28.6,13.835965
141,Freiburg,2002,3613,19795,9494,543,33.5,19.6,11.8,243400,168968,34149.0,17.73,28.7,14.340396
142,Freiburg,2003,3551,19848,9918,569,33.5,19.6,11.8,246656,168968,35740.0,27.4,29.0,14.527798
143,Freiburg,2003,3633,19778,10247,569,33.5,19.6,11.8,246656,168968,35740.0,27.4,29.0,14.527798
144,Freiburg,2005,3563,19795,10670,713,33.5,19.6,11.8,253954,175955,38301.0,30.91,29.4,14.805697
145,Freiburg,2006,3577,19748,10766,674,30.6,21.0,16.0,258252,180735,39692.0,30.22,29.4,14.945821
146,Freiburg,2007,3650,19742,10638,695,30.6,21.0,16.0,263241,183691,41112.0,26.54,29.7,15.492334
147,Freiburg,2008,3613,19747,10718,692,30.6,21.0,16.0,268537,189999,43838.0,25.11,29.6,16.043399
148,Freiburg,2009,4725,19648,10774,698,30.6,21.0,16.0,273159,199913,46066.0,33.42,29.8,14.793188
149,Freiburg,2010,5239,19800,10830,730,30.6,21.0,16.0,278493,198321,48357.0,26.4,30.0,15.53313
150,Freiburg,2011,5391,19973,10875,679,26.6,24.3,18.6,284668,204722,50829.0,21.41,30.3,14.909689
151,Freiburg,2012,5946,20162,10877,657,26.6,24.3,18.6,291395,211764,54329.0,23.72,30.5,16.021469
152,Freiburg,2013,6971,20388,11037,617,26.6,24.3,18.6,297622,216907,58290.0,27.45,30.3,15.950715
153,Freiburg,2014,7068,20633,10713,626,26.6,24.3,18.6,303377,222000,61823.0,26.84,30.2,16.048655
154,Freiburg,2014,7068,20633,10713,626,26.6,24.3,18.6,303377,222000,61823.0,26.84,30.2,16.048655
155,Freiburg,2015,7130,20908,10616,597,26.6,24.3,18.6,307461,227585,64928.0,27.98,30.6,16.042439
156,Freiburg,2016,7008,21095,10783,638,23.7,23.6,19.7,311914,233023,67279.0,28.27,30.6,15.631979
157,Freiburg,2017,6888,21862,11393,595,23.7,23.6,19.7,315074,237578,69827.0,26.26,30.7,16.186732
158,Freiburg,2018,7023,21990,11456,594,23.7,23.6,19.7,318714,241614,70931.0,25.72,30.5,16.38100377
159,Freiburg,2019,7224,21928,11340,626,23.7,23.6,19.7,321783,244983,72359.0,24.63,31.0,16.07038852
160,Freiburg,2020,7346,21834,11519,599,23.7,23.6,19.7,325496,249555,73456.0,33.21,30.8,16.66899556
161,Genf,1999,9180,28214,12195,1351,11.2,20.6,0.0,403067,259134,149923.0,51.34,29.2,12.761116
162,Genf,2000,9180,28214,12195,982,11.2,20.6,0.0,408820,267668,152364.0,40.98,29.1,12.514594
163,Genf,2001,9515,29117,13052,1065,11.7,17.8,10.4,413618,275088,153321.0,39.7,29.1,12.986286
164,Genf,2002,9309,29582,13621,1120,11.7,17.8,10.4,418747,284448,155082.0,50.86,29.1,12.933056
165,Genf,2003,9337,29731,14229,1061,11.7,17.8,10.4,423993,284448,158193.0,64.9,29.5,13.338127
166,Genf,2003,9507,29600,14665,1061,11.7,17.8,10.4,423993,284448,158193.0,64.9,29.5,13.338127
167,Genf,2005,9507,29831,15015,1251,9.8,14.6,9.6,430638,290202,161523.0,73.67,29.7,13.060717
168,Genf,2006,9505,29877,15155,1310,9.8,14.6,9.6,433235,288737,162835.0,69.67,29.7,13.56818
169,Genf,2007,9236,29873,15096,1272,9.8,14.6,9.6,438177,288153,161701.0,62.54,29.7,13.443176
170,Genf,2008,9289,30201,15195,1220,9.8,14.6,9.6,446106,285297,163951.0,56.72,29.8,13.449684
171,Genf,2009,9651,29943,15436,1211,9.9,12.9,8.6,453292,284361,170094.0,67.5,30.0,13.911029
172,Genf,2010,9462,30022,15449,1410,9.9,12.9,8.6,457715,287721,175478.0,66.12,30.3,13.58619
173,Genf,2011,9091,29799,15537,1154,9.9,12.9,8.6,460534,291594,178991.0,56.12,30.7,13.658596
174,Genf,2012,9154,29787,15187,1209,9.9,12.9,8.6,463101,294988,181225.0,49.69,30.6,13.839748
175,Genf,2013,9562,29536,15224,1223,10.6,14.3,10.3,469433,294831,183684.0,54.6,30.9,13.477291
176,Genf,2014,9918,29098,15607,1165,10.6,14.3,10.3,477385,296380,189798.0,54.65,31.0,14.131584
177,Genf,2014,9918,29098,15607,1165,10.6,14.3,10.3,477385,296380,189798.0,54.65,31.0,14.131584
178,Genf,2015,10213,29672,15571,1144,10.6,14.3,10.3,484736,299808,195488.0,55.51,30.9,13.858144
179,Genf,2016,10118,29814,15692,1126,10.6,14.3,10.3,489524,301824,197215.0,55.28,31.2,14.433401
180,Genf,2017,10547,31678,16608,1148,10.6,14.3,10.3,495249,303219,196883.0,50.12,30.9,14.384261
181,Genf,2018,10835,32220,16813,1208,10.7,15.3,7.3,499480,303806,198574.0,43.04,31.1,14.18146226
182,Genf,2019,10967,33023,16615,1132,10.7,15.3,7.3,504128,303562,199940.0,39.48,31.8,15.62152999
183,Genf,2020,10852,33725,16449,1086,10.7,15.3,7.3,506343,305052,201436.0,49.01,31.7,15.54615325
184,Glarus,1999,965,3004,1473,111,14.6,15.6,26.6,38708,22948,7669.0,15.03,28.2,12.737148
185,Glarus,2000,965,3004,1473,28,14.6,15.6,26.6,38546,23272,7674.0,9.42,28.2,10.541938
186,Glarus,2001,890,2880,1460,67,14.6,15.6,26.6,38216,23817,7565.0,7.08,28.5,13.192761
187,Glarus,2002,923,2809,1536,64,14.0,18.7,26.3,38322,25000,7645.0,15.56,29.3,13.69492
188,Glarus,2003,865,2763,1552,77,14.0,18.7,26.3,38502,25000,7642.0,23.5,30.1,13.877334
189,Glarus,2003,799,2693,1493,77,14.0,18.7,26.3,38502,25000,7642.0,23.5,30.1,13.877334
190,Glarus,2005,755,2640,1485,91,14.0,18.7,26.3,38173,25602,7769.0,24.96,29.3,14.316463
191,Glarus,2006,763,2512,1457,87,14.0,14.7,31.0,38084,24849,7594.0,22.96,28.5,14.683222
192,Glarus,2007,722,2437,1450,86,14.0,14.7,31.0,38237,25322,7406.0,16.22,28.8,13.471931
193,Glarus,2008,698,2337,1401,85,14.0,14.7,31.0,38370,25535,7314.0,13.0,29.8,14.240288
194,Glarus,2009,705,2255,1382,81,14.0,14.7,31.0,38479,26850,7430.0,24.33,29.5,15.37325
195,Glarus,2010,760,2170,1353,76,10.7,13.9,26.3,38608,27578,7613.0,24.18,29.6,14.159986
196,Glarus,2011,793,2146,1343,54,10.7,13.9,26.3,39217,28362,7877.0,19.4,30.0,14.434878
197,Glarus,2012,770,2167,1262,81,10.7,13.9,26.3,39369,29086,8375.0,23.28,30.3,15.259117
198,Glarus,2013,746,2157,1217,69,10.7,13.9,26.3,39593,29642,8574.0,24.76,29.8,11.631584
199,Glarus,2014,739,2168,1182,70,8.9,11.5,28.8,39794,30167,8798.0,22.22,30.2,14.953488
200,Glarus,2014,739,2168,1182,70,8.9,11.5,28.8,39794,30167,8798.0,22.22,30.2,14.953488
201,Glarus,2015,747,2141,1197,80,8.9,11.5,28.8,40028,30719,8996.0,21.45,30.1,15.382804
202,Glarus,2016,735,2197,1167,80,8.9,11.5,28.8,40147,31064,9307.0,23.58,31.0,16.233234
203,Glarus,2017,758,2368,1159,57,8.9,11.5,28.8,40349,31522,9497.0,20.9,30.3,14.947487
204,Glarus,2018,776,2361,1184,66,9.4,12.8,25.3,40403,31905,9713.0,16.6,30.2,15.89431241
205,Glarus,2019,827,2350,1227,58,9.4,12.8,25.3,40590,32168,9732.0,13.72,30.4,17.21375106
206,Glarus,2020,858,2375,1282,62,9.4,12.8,25.3,40851,32690,9825.0,21.49,30.6,16.37472762
207,Graubünden,1999,3973,13636,6704,415,,,,186026,116077,24976.0,15.96,28.6,13.654947
208,Graubünden,2000,3973,13636,6704,327,,,,186744,117944,24792.0,10.26,28.8,13.887576
209,Graubünden,2001,3990,12980,6853,328,,,,185225,119925,24289.0,10.16,29.5,14.171315
210,Graubünden,2002,3827,12684,6899,372,,,,185771,124022,24210.0,13.63,29.5,14.165315
211,Graubünden,2003,3792,12462,6885,395,,,,186943,124022,25167.0,19.6,29.6,13.990886
212,Graubünden,2003,3853,12134,6860,395,,,,186943,124022,25167.0,19.6,29.6,13.990886
213,Graubünden,2005,3859,11787,6907,424,,,,187803,128426,26221.0,21.64,30.2,15.335397
214,Graubünden,2006,3695,11567,6801,432,,,,187920,131411,26652.0,18.16,29.9,14.196287
215,Graubünden,2007,3481,11481,6564,431,,,,188762,132212,27087.0,13.81,30.2,14.657681
216,Graubünden,2008,3430,11500,6153,400,,,,190459,137001,28008.0,12.77,30.8,15.446806
217,Graubünden,2009,3465,11118,6067,372,,,,191861,140917,29619.0,17.79,30.8,15.490859
218,Graubünden,2010,3296,10840,6005,415,,,,192621,139977,30933.0,15.92,30.8,15.916931
219,Graubünden,2011,3135,10579,5992,355,,,,193388,143081,32104.0,15.28,31.4,15.519009
220,Graubünden,2012,3212,10274,5926,354,,,,193920,146134,32884.0,16.07,31.2,16.176075
221,Graubünden,2013,3301,10062,5922,327,,,,194959,148082,33530.0,17.12,31.5,16.483917
222,Graubünden,2014,3355,10044,5858,352,,,,195886,150339,34519.0,16.53,31.3,15.894019
223,Graubünden,2014,3355,10044,5858,352,,,,195886,150339,34519.0,16.53,31.3,15.894019
224,Graubünden,2015,3335,10022,5655,360,,,,196610,152688,35389.0,17.6,31.6,15.608052
225,Graubünden,2016,3443,9976,5452,342,,,,197550,154880,35921.0,17.1,31.4,15.480069
226,Graubünden,2017,3489,10039,5501,306,,,,197888,157002,36618.0,15.08,31.6,16.60981
227,Graubünden,2018,3556,10242,5364,341,,,,198379,158820,36903.0,13.29,31.5,17.37214578
228,Graubünden,2019,3621,10281,5242,342,,,,199021,160267,36982.0,11.45,31.9,16.2414173
229,Graubünden,2020,3615,10394,5262,327,,,,200096,162452,37382.0,19.93,31.6,16.28614298
230,Jura,1999,1752,5376,2470,179,31.7,21.9,2.3,68818,44441,8281.0,27.7,28.4,13.694559
231,Jura,2000,1752,5376,2470,61,31.7,21.9,2.3,68794,44802,8280.0,18.53,27.9,15.434965
232,Jura,2001,1707,5353,2493,83,31.7,21.9,2.3,68930,45729,8259.0,20.03,28.3,13.626564
233,Jura,2002,1694,5351,2598,101,31.3,23.9,5.2,69074,47141,8350.0,35.75,28.4,14.179087
234,Jura,2003,1700,5340,2609,155,31.3,23.9,5.2,69064,47141,8285.0,48.4,28.6,14.164652
235,Jura,2003,1697,5237,2665,155,31.3,23.9,5.2,69064,47141,8285.0,48.4,28.6,14.164652
236,Jura,2005,1619,5198,2698,169,31.3,23.9,5.2,69110,48400,8246.0,42.2,28.9,15.490087
237,Jura,2006,1593,5176,2709,185,30.1,19.8,5.8,69292,48513,8097.0,38.27,28.9,16.206035
238,Jura,2007,1546,5135,2592,160,30.1,19.8,5.8,69555,49531,8053.0,33.33,29.0,13.914446
239,Jura,2008,1439,5061,2581,173,30.1,19.8,5.8,69822,50144,8195.0,30.53,29.4,15.471302
240,Jura,2009,1421,5023,2586,180,30.1,19.8,5.8,70134,50159,8440.0,52.26,29.6,15.503993
241,Jura,2010,1487,4804,2597,208,28.9,21.2,6.4,70032,50991,8623.0,51.32,29.4,17.225338
242,Jura,2011,1402,4585,2611,186,28.9,21.2,6.4,70542,52184,8765.0,33.73,29.5,15.385427
243,Jura,2012,1336,4658,2594,158,28.9,21.2,6.4,70942,53092,8942.0,32.11,30.2,15.942402
244,Jura,2013,1528,4624,2583,167,28.9,21.2,6.4,71738,54170,9220.0,37.93,29.1,15.550428
245,Jura,2014,1444,4623,2483,159,28.9,21.2,6.4,72410,54347,9753.0,36.55,29.9,17.383721
246,Jura,2014,1444,4623,2483,159,28.9,21.2,6.4,72410,54347,9753.0,36.55,29.9,17.383721
247,Jura,2015,1445,4698,2524,155,26.8,20.0,8.5,72782,55125,10126.0,40.47,29.9,16.123531
248,Jura,2016,1427,4686,2423,162,26.8,20.0,8.5,73122,56049,10421.0,46.19,30.0,15.503182
249,Jura,2017,1472,4679,2403,179,26.8,20.0,8.5,73290,56873,10651.0,46.52,29.7,16.027394
250,Jura,2018,1465,4737,2371,171,26.8,20.0,8.5,73419,57449,10771.0,37.55,30.5,14.92063425
251,Jura,2019,1410,4686,2378,170,26.8,20.0,8.5,73584,58059,10768.0,34.14,30.6,16.26484198
252,Jura,2020,1486,4642,2365,179,24.4,20.2,6.7,73709,58738,10835.0,47.29,30.8,16.90646047
253,Luzern,1999,6112,27326,13250,662,39.8,9.6,17.0,345357,203115,50329.0,19.36,28.9,13.458648
254,Luzern,2000,6112,27326,13250,510,39.8,9.6,17.0,347209,208608,51376.0,13.07,29.1,13.571608
255,Luzern,2001,6162,27758,13474,554,39.8,9.6,17.0,350017,214793,51448.0,12.21,29.5,14.096696
256,Luzern,2002,6032,27856,13722,537,39.8,9.6,17.0,351889,222920,53332.0,20.05,29.6,14.532722
257,Luzern,2003,5709,27762,14042,593,35.9,11.6,19.9,353175,222920,54056.0,31.2,29.7,14.287503
258,Luzern,2003,5595,27582,14177,593,35.9,11.6,19.9,353175,222920,54056.0,31.2,29.7,14.287503
259,Luzern,2005,5324,27069,14362,732,35.9,11.6,19.9,356384,230865,54536.0,30.68,30.3,14.9368
260,Luzern,2006,4824,26509,14093,792,35.9,11.6,19.9,359110,233776,54804.0,27.05,30.3,15.255688
261,Luzern,2007,4981,25645,14083,751,37.3,10.7,18.2,363475,239251,55448.0,21.27,30.3,15.910394
262,Luzern,2008,4833,24959,14090,748,37.3,10.7,18.2,368742,243692,57268.0,19.85,30.5,15.186666
263,Luzern,2009,4946,24145,14117,777,37.3,10.7,18.2,372964,245432,59735.0,28.52,30.6,15.51643
264,Luzern,2010,5099,23425,14106,829,37.3,10.7,18.2,377610,252567,60997.0,24.1,30.8,15.53189
265,Luzern,2011,5386,23111,13883,651,31.3,11.0,22.1,381966,259479,62890.0,18.28,31.1,14.918934
266,Luzern,2012,5528,23009,13519,674,31.3,11.0,22.1,386082,266426,64143.0,19.13,31.0,15.067319
267,Luzern,2013,5873,22897,12913,671,31.3,11.0,22.1,390349,271895,65454.0,19.61,31.1,15.603518
268,Luzern,2014,6107,23039,12500,665,31.3,11.0,22.1,394604,278102,67320.0,18.59,30.9,16.301132
269,Luzern,2014,6107,23039,12500,665,31.3,11.0,22.1,394604,278102,67320.0,18.59,30.9,16.301132
270,Luzern,2015,6385,23383,11977,656,30.9,11.8,24.1,398762,284459,69268.0,19.64,31.1,15.250347
271,Luzern,2016,6857,23707,11801,634,30.9,11.8,24.1,403397,290486,71259.0,20.62,31.2,16.010296
272,Luzern,2017,7302,24230,11981,634,30.9,11.8,24.1,406506,295829,74133.0,18.21,31.2,15.229991
273,Luzern,2018,7163,24621,12135,703,30.9,11.8,24.1,409557,297408,74994.0,17.15,31.2,16.38840136
274,Luzern,2019,7377,25009,12150,671,27.5,13.8,19.6,413120,300642,75885.0,16.22,31.3,16.04827858
275,Luzern,2020,7551,25373,12312,723,27.5,13.8,19.6,416347,304656,77612.0,22.63,31.4,16.10192179
276,Neuenburg,1999,2519,10379,7226,582,0.6,33.0,0.0,165649,101650,36841.0,39.43,28.3,12.264849
277,Neuenburg,2000,2519,10379,7226,316,0.6,33.0,0.0,165731,103670,36832.0,22.94,28.3,12.660645
278,Neuenburg,2001,2600,10078,7629,499,0.0,31.6,0.0,166227,105191,36854.0,21.28,28.0,13.678287
279,Neuenburg,2002,2749,10080,7832,529,0.0,31.6,0.0,166767,107821,37699.0,32.53,28.1,13.217875
280,Neuenburg,2003,2973,9968,8025,424,0.0,31.6,0.0,167047,107821,38067.0,44.3,28.4,14.251632
281,Neuenburg,2003,3084,9803,8190,424,0.0,31.6,0.0,167047,107821,38067.0,44.3,28.4,14.251632
282,Neuenburg,2005,3412,9710,8114,609,0.8,32.1,15.6,168444,109420,38453.0,43.29,28.9,13.342172
283,Neuenburg,2006,3383,9680,8052,639,0.8,32.1,15.6,168912,108584,38758.0,40.91,28.8,14.360007
284,Neuenburg,2007,3357,9540,7950,592,0.8,32.1,15.6,169782,109716,38923.0,34.09,29.0,14.012608
285,Neuenburg,2008,3279,9507,7765,561,0.8,32.1,15.6,170924,110628,39654.0,33.29,29.1,14.199488
286,Neuenburg,2009,3405,9407,7787,609,3.2,28.2,12.7,171647,111249,40593.0,57.96,29.2,14.536081
287,Neuenburg,2010,3412,9307,7760,613,3.2,28.2,12.7,172085,112917,39666.0,61.91,29.4,13.835072
288,Neuenburg,2011,3438,11165,5725,534,3.2,28.2,12.7,173183,115197,39586.0,47.49,29.4,13.907553
289,Neuenburg,2012,3437,11124,5746,492,3.2,28.2,12.7,174554,117481,40498.0,47.34,29.4,13.658616
290,Neuenburg,2013,3665,10970,5681,505,2.7,26.5,16.9,176402,119146,41902.0,52.47,29.8,14.607843
291,Neuenburg,2014,3663,10892,5681,468,2.7,26.5,16.9,177327,119378,43974.0,50.81,30.1,13.654988
292,Neuenburg,2014,3663,10892,5681,468,2.7,26.5,16.9,177327,119378,43974.0,50.81,30.1,13.654988
293,Neuenburg,2015,3670,10973,5506,436,2.7,26.5,16.9,178107,120941,44752.0,53.18,30.0,14.301865
294,Neuenburg,2016,3660,10950,5371,449,2.7,26.5,16.9,178567,122267,45551.0,58.07,30.1,15.058451
295,Neuenburg,2017,3550,11273,5960,358,2.7,23.6,11.5,177964,122894,45689.0,55.53,30.0,14.00596
296,Neuenburg,2018,3550,11083,6100,410,2.7,23.6,11.5,176850,122897,45153.0,45.43,30.6,14.71339506
297,Neuenburg,2019,3611,11104,5983,392,2.7,23.6,11.5,176496,122957,44707.0,35.07,30.8,14.36139516
298,Neuenburg,2020,3570,11057,5896,375,2.7,23.6,11.5,175894,123666,44583.0,48.09,30.6,14.0820173
299,Nidwalden,1999,539,3044,1361,72,47.5,0.0,0.0,37657,25226,3458.0,6.28,29.3,13.772814
300,Nidwalden,2000,539,3044,1361,41,47.5,0.0,0.0,38000,26121,3542.0,4.42,29.6,15.099353
301,Nidwalden,2001,592,3005,1413,69,47.5,0.0,0.0,38389,27059,3490.0,5.89,29.6,14.709307
302,Nidwalden,2002,592,2964,1436,77,37.3,0.0,12.4,38736,28105,3623.0,10.98,30.3,14.079754
303,Nidwalden,2003,580,2916,1471,79,37.3,0.0,12.4,39070,28105,3679.0,19.0,30.9,17.400612
304,Nidwalden,2003,617,2836,1481,79,37.3,0.0,12.4,39070,28105,3679.0,19.0,30.9,17.400612
305,Nidwalden,2005,591,2783,1523,74,37.3,0.0,12.4,39803,28922,3737.0,19.59,30.5,16.724184
306,Nidwalden,2006,601,2719,1470,96,34.4,3.1,19.5,40012,28765,3762.0,16.45,31.3,15.267789
307,Nidwalden,2007,676,2636,1427,98,34.4,3.1,19.5,40287,29455,3859.0,11.72,30.8,14.879624
308,Nidwalden,2008,679,2584,1380,71,34.4,3.1,19.5,40737,29674,4046.0,12.28,30.7,18.980566
309,Nidwalden,2009,706,2510,1359,79,34.4,3.1,19.5,40794,30852,4303.0,18.25,30.8,14.929907
310,Nidwalden,2010,694,2442,1312,108,31.1,2.1,26.6,41024,31520,4379.0,15.18,30.8,16.292005
311,Nidwalden,2011,719,2379,1312,72,31.1,2.1,26.6,41311,32141,4671.0,8.92,31.4,19.088438
312,Nidwalden,2012,691,2315,1294,78,31.1,2.1,26.6,41584,32698,4870.0,8.97,31.5,16.126101
313,Nidwalden,2013,721,2300,1262,72,31.1,2.1,26.6,41888,33446,5186.0,10.08,31.7,16.091982
314,Nidwalden,2014,721,2264,1242,82,29.1,4.8,29.1,42080,33962,5478.0,9.69,32.0,16.771159
315,Nidwalden,2014,721,2264,1242,82,29.1,4.8,29.1,42080,33962,5478.0,9.69,32.0,16.771159
316,Nidwalden,2015,694,2288,1154,73,29.1,4.8,29.1,42420,34476,5717.0,10.57,32.3,16.803195
317,Nidwalden,2016,721,2261,1137,61,29.1,4.8,29.1,42556,35059,5906.0,11.49,31.7,16.792417
318,Nidwalden,2017,735,2289,1140,65,29.1,4.8,29.1,42969,35444,6035.0,10.93,31.2,15.521942
319,Nidwalden,2018,747,2300,1174,79,26.8,4.5,25.9,43223,35838,6257.0,9.76,31.2,15.76490884
320,Nidwalden,2019,744,2294,1145,89,26.8,4.5,25.9,43087,36059,6351.0,8.35,31.6,16.92826628
321,Nidwalden,2020,716,2288,1185,62,26.8,4.5,25.9,43520,36700,6368.0,14.59,31.5,16.93198626
322,Obwalden,1999,467,2761,1387,53,63.6,10.2,0.0,32225,21804,3381.0,5.86,29.2,13.220476
323,Obwalden,2000,467,2761,1387,33,63.6,10.2,0.0,32414,22259,3484.0,3.86,28.7,14.00679
324,Obwalden,2001,415,2676,1500,26,63.6,10.2,0.0,32678,22927,3458.0,5.32,29.9,11.001687
325,Obwalden,2002,429,2628,1525,39,50.4,15.3,13.4,32961,24141,3543.0,9.55,30.0,14.421729
326,Obwalden,2003,403,2587,1563,44,50.4,15.3,13.4,33142,24141,3602.0,15.6,29.8,15.95078
327,Obwalden,2003,476,2512,1559,44,50.4,15.3,13.4,33142,24141,3602.0,15.6,29.8,15.95078
328,Obwalden,2005,408,2470,1540,46,50.4,15.3,13.4,33269,24321,3712.0,16.12,30.0,14.980148
329,Obwalden,2006,438,2420,1482,53,35.2,13.1,13.8,33755,24488,3765.0,14.88,29.9,17.437767
330,Obwalden,2007,432,2418,1430,76,35.2,13.1,13.8,33997,25156,3974.0,11.04,30.9,17.269827
331,Obwalden,2008,434,2351,1391,69,35.2,13.1,13.8,34429,25488,4043.0,11.31,30.6,16.218434
332,Obwalden,2009,386,2321,1379,57,35.2,13.1,13.8,35032,26563,4276.0,16.38,30.0,17.921449
333,Obwalden,2010,446,2302,1305,68,33.8,10.9,21.1,35585,27458,4508.0,12.79,30.7,18.316424
334,Obwalden,2011,496,2233,1308,61,33.8,10.9,21.1,35885,28179,4764.0,7.74,31.0,18.134995
335,Obwalden,2012,487,2212,1274,65,33.8,10.9,21.1,36115,28998,4916.0,8.84,31.0,15.925695
336,Obwalden,2013,547,2163,1272,47,33.8,10.9,21.1,36507,29505,4984.0,9.22,31.6,17.681013
337,Obwalden,2014,529,2229,1212,52,32.1,12.8,24.5,36834,30056,5093.0,9.28,32.4,17.230461
338,Obwalden,2014,529,2229,1212,52,32.1,12.8,24.5,36834,30056,5093.0,9.28,32.4,17.230461
339,Obwalden,2015,596,2216,1213,62,32.1,12.8,24.5,37076,30612,5225.0,8.87,31.6,16.914651
340,Obwalden,2016,603,2253,1148,58,32.1,12.8,24.5,37378,31082,5360.0,10.07,31.9,15.875067
341,Obwalden,2017,629,2268,1191,43,32.1,12.8,24.5,37575,31518,5486.0,8.72,31.4,16.088117
342,Obwalden,2018,596,2327,1178,43,29.8,15.1,24.5,37841,32025,5519.0,6.94,30.8,16.47465398
343,Obwalden,2019,691,2349,1167,54,29.8,15.1,24.5,37930,32398,5545.0,7.22,31.6,21.12548358
344,Obwalden,2020,678,2345,1186,58,29.8,15.1,24.5,38108,32843,5569.0,12.34,32.0,17.32206153
345,Schaffhausen,1999,1660,5163,2593,218,5.5,27.7,27.2,73552,46674,14301.0,27.84,28.6,13.974992
346,Schaffhausen,2000,1660,5163,2593,89,5.4,26.6,33.6,73305,47835,14447.0,17.05,28.4,13.024601
347,Schaffhausen,2001,1605,5000,2736,162,5.4,26.6,33.6,73229,49022,14406.0,15.83,29.0,12.877323
348,Schaffhausen,2002,1588,4906,2849,161,5.4,26.6,33.6,73834,51270,14556.0,23.34,28.8,14.062475
349,Schaffhausen,2003,1503,4820,2842,165,5.4,26.6,33.6,73968,51270,14991.0,31.2,29.6,13.847079
350,Schaffhausen,2003,1432,4710,2796,165,5.4,26.6,33.6,73968,51270,14991.0,31.2,29.6,13.847079
351,Schaffhausen,2005,1430,4629,2723,170,4.6,27.2,35.6,73764,52535,15292.0,32.77,29.1,14.983244
352,Schaffhausen,2006,1356,4562,2645,165,4.6,27.2,35.6,73866,51497,15456.0,28.67,29.8,15.630282
353,Schaffhausen,2007,1349,4439,2630,206,4.6,27.2,35.6,74527,52484,15650.0,21.7,29.0,13.608336
354,Schaffhausen,2008,1394,4349,2551,230,5.1,23.0,32.6,75303,53609,16323.0,20.78,29.4,14.857975
355,Schaffhausen,2009,1288,4260,2515,204,5.1,23.0,32.6,75657,52907,17012.0,32.74,30.2,14.36254
356,Schaffhausen,2010,1303,4153,2512,175,5.1,23.0,32.6,76356,54389,17299.0,30.29,29.8,14.635501
357,Schaffhausen,2011,1328,4084,2448,173,5.1,23.0,32.6,77139,55888,17651.0,22.27,30.3,15.554503
358,Schaffhausen,2012,1389,4014,2339,161,4.9,22.6,33.6,77955,57131,18189.0,25.34,30.2,14.52436
359,Schaffhausen,2013,1441,4065,2226,158,4.9,22.6,33.6,78783,58202,18756.0,27.53,30.7,15.128259
360,Schaffhausen,2014,1476,4106,2161,169,4.9,22.6,33.6,79417,59430,19433.0,28.88,30.8,15.783399
361,Schaffhausen,2014,1476,4106,2161,169,4.9,22.6,33.6,79417,59430,19433.0,28.88,30.8,15.783399
362,Schaffhausen,2015,1556,4129,2158,148,4.9,22.6,33.6,79836,60317,19875.0,32.22,30.4,15.730252
363,Schaffhausen,2016,1545,4278,2165,158,3.7,22.8,35.1,80769,61259,20172.0,33.01,30.6,16.236283
364,Schaffhausen,2017,1556,4808,2239,144,3.7,22.8,35.1,81351,62026,20880.0,32.3,30.6,15.063683
365,Schaffhausen,2018,1613,4842,2242,132,3.7,22.8,35.1,81991,62625,21166.0,31.5,31.4,16.44980804
366,Schaffhausen,2019,1590,4929,2321,163,3.7,22.8,35.1,82348,63313,21365.0,28.84,30.7,14.41152174
367,Schaffhausen,2020,1520,5010,2378,151,3.2,19.7,33.4,83107,64572,21457.0,36.18,31.1,16.36180611
368,Schwyz,1999,2342,10199,4887,303,,,,128248,86587,19240.0,14.53,28.9,13.829406
369,Schwyz,2000,2342,10199,4887,127,,,,130232,89253,19675.0,7.12,29.0,15.324459
370,Schwyz,2001,2275,10205,4974,224,,,,131264,92742,19483.0,6.1,29.4,14.406844
371,Schwyz,2002,2217,10170,5044,292,,,,133227,98000,20374.0,12.31,29.4,13.646431
372,Schwyz,2003,2228,10084,5144,271,,,,134903,98000,20963.0,20.9,29.6,15.136687
373,Schwyz,2003,2089,10016,5160,271,,,,134903,98000,20963.0,20.9,29.6,15.136687
374,Schwyz,2005,2212,9838,5224,302,,,,137522,102332,22068.0,23.13,30.1,15.199467
375,Schwyz,2006,2281,9718,5213,350,,,,138832,101015,22671.0,19.8,30.0,16.617942
376,Schwyz,2007,2186,9572,5250,314,,,,141024,105268,23051.0,14.68,30.5,16.205309
377,Schwyz,2008,2361,9401,5240,297,,,,143719,107815,24262.0,12.62,30.6,14.985229
378,Schwyz,2009,2357,9281,5142,310,,,,144686,109235,25675.0,20.61,30.5,16.453018
379,Schwyz,2010,2529,9253,5101,340,,,,146730,112971,26112.0,19.75,31.2,15.52241
380,Schwyz,2011,2634,9062,4926,317,,,,147904,116093,27341.0,14.0,31.2,16.484059
381,Schwyz,2012,2612,8932,4901,260,,,,149830,119334,27891.0,13.13,31.0,15.9427
382,Schwyz,2013,2713,8829,4863,275,,,,151396,121381,28974.0,15.08,31.3,17.250155
383,Schwyz,2014,2781,8708,4764,279,,,,152759,124008,29686.0,15.33,31.2,15.652099
384,Schwyz,2014,2781,8708,4764,279,,,,152759,124008,29686.0,15.33,31.2,15.652099
385,Schwyz,2015,2815,8661,4725,294,,,,154093,126689,30460.0,15.84,30.9,16.591072
386,Schwyz,2016,2831,8673,4618,260,,,,155863,129772,31172.0,17.53,31.2,17.462274
387,Schwyz,2017,3016,9036,4748,291,,,,157301,131953,32266.0,17.38,31.0,16.370242
388,Schwyz,2018,3000,9097,4783,272,,,,159165,134140,33171.0,13.5,31.4,16.20941995
389,Schwyz,2019,3021,9211,4654,307,,,,160480,136531,34337.0,11.08,31.5,16.35009359
390,Schwyz,2020,3111,9224,4697,314,,,,162157,139503,35113.0,14.83,31.5,16.11198692
391,Solothurn,1999,5135,16967,8694,876,24.4,25.1,6.4,243908,151574,38989.0,25.15,28.8,12.403743
392,Solothurn,2000,5135,16967,8694,291,24.4,25.1,6.4,244015,155546,39768.0,16.07,29.1,13.8065
393,Solothurn,2001,5002,16385,8804,549,22.0,25.2,15.5,245264,159749,39980.0,14.45,29.1,12.924934
394,Solothurn,2002,4980,16078,8933,518,22.0,25.2,15.5,246280,167003,41643.0,23.12,29.8,13.677946
395,Solothurn,2003,4981,15674,9057,579,22.0,25.2,15.5,246807,167003,42688.0,33.3,30.0,14.00725
396,Solothurn,2003,5007,15561,9058,579,22.0,25.2,15.5,246807,167003,42688.0,33.3,30.0,14.00725
397,Solothurn,2005,4917,15266,9030,744,21.5,24.9,17.6,247937,172710,44145.0,33.68,30.2,14.425997
398,Solothurn,2006,4629,15010,8815,693,21.5,24.9,17.6,248613,172337,44623.0,29.18,30.2,14.991511
399,Solothurn,2007,4591,14874,8642,692,21.5,24.9,17.6,250240,174923,45311.0,24.42,30.2,14.563066
400,Solothurn,2008,4546,14403,8430,677,21.5,24.9,17.6,251830,176520,46898.0,22.61,30.4,14.456641
401,Solothurn,2009,4522,14186,8458,663,20.8,20.7,19.4,252748,177156,48321.0,38.6,30.3,14.943646
402,Solothurn,2010,4549,13820,8140,753,20.8,20.7,19.4,255284,181565,48889.0,34.7,30.9,14.692955
403,Solothurn,2011,4499,14153,7934,573,20.8,20.7,19.4,256990,185087,50435.0,23.99,30.9,14.085211
404,Solothurn,2012,4773,14242,7855,531,20.8,20.7,19.4,259283,189506,50665.0,24.42,30.5,13.822774
405,Solothurn,2013,5117,14006,7650,571,18.4,19.1,20.2,261437,192364,51840.0,27.05,30.6,14.967733
406,Solothurn,2014,5105,14260,7505,532,18.4,19.1,20.2,263719,195310,53180.0,24.37,30.6,14.630127
407,Solothurn,2014,5105,14260,7505,532,18.4,19.1,20.2,263719,195310,53180.0,24.37,30.6,14.630127
408,Solothurn,2015,5100,14612,7270,516,18.4,19.1,20.2,266418,198328,54970.0,26.33,30.8,14.389875
409,Solothurn,2016,5056,14733,7224,545,18.4,19.1,20.2,269441,201746,57063.0,29.56,30.9,14.853203
410,Solothurn,2017,5150,15408,7562,485,18.9,19.9,19.7,271432,203796,59201.0,27.38,30.6,14.567679
411,Solothurn,2018,5166,15524,7531,576,18.9,19.9,19.7,273194,205825,60620.0,22.24,31.0,14.51661408
412,Solothurn,2019,5261,15828,7465,486,18.9,19.9,19.7,275247,208333,61795.0,18.78,30.9,14.91166165
413,Solothurn,2020,5428,16040,7550,496,18.9,19.9,19.7,277462,211262,63143.0,28.88,31.2,14.96726007
414,St. Gallen,1999,11181,36240,18188,1259,33.8,15.2,9.8,447609,261235,84955.0,21.67,28.6,12.509356
415,St. Gallen,2000,11181,36240,18188,728,31.7,16.1,22.6,449399,268001,86679.0,13.89,28.7,12.916301
416,St. Gallen,2001,11007,35661,17977,933,31.7,16.1,22.6,452904,275800,87499.0,13.17,29.3,12.673056
417,St. Gallen,2002,10837,35132,18114,1012,31.7,16.1,22.6,455251,288820,89614.0,20.95,29.1,13.248145
418,St. Gallen,2003,10530,34367,18745,1078,31.7,16.1,22.6,457289,288820,91045.0,30.0,29.3,13.191861
419,St. Gallen,2003,10455,33273,19413,1078,31.7,16.1,22.6,457289,288820,91045.0,30.0,29.3,13.191861
420,St. Gallen,2005,10184,32277,19459,1219,28.7,17.1,24.6,459999,296993,93545.0,29.65,29.6,14.636236
421,St. Gallen,2006,9787,31505,18985,1165,28.7,17.1,24.6,461810,304402,93693.0,25.03,29.8,14.49941
422,St. Gallen,2007,9584,31075,18193,1046,28.7,17.1,24.6,465937,307464,94718.0,19.59,29.7,15.067532
423,St. Gallen,2008,9857,30670,17485,1050,26.1,13.3,30.5,471152,309787,97461.0,18.42,29.7,14.821471
424,St. Gallen,2009,9626,30287,17054,881,26.1,13.3,30.5,474676,317882,101181.0,33.18,30.0,14.184434
425,St. Gallen,2010,9446,29923,16842,1253,26.1,13.3,30.5,478907,327467,103067.0,30.48,30.1,14.514437
426,St. Gallen,2011,9380,29313,16590,916,26.1,13.3,30.5,483156,336587,104539.0,21.68,30.3,14.581741
427,St. Gallen,2012,9653,28945,16215,959,20.1,15.1,25.4,487060,345435,106930.0,23.1,30.5,14.95872
428,St. Gallen,2013,9912,28544,16108,937,20.1,15.1,25.4,491699,352182,109571.0,24.3,30.5,14.832139
429,St. Gallen,2014,10073,28720,15509,958,20.1,15.1,25.4,495824,357911,112625.0,22.24,30.2,14.701521
430,St. Gallen,2014,10073,28720,15509,958,20.1,15.1,25.4,495824,357911,112625.0,22.24,30.2,14.701521
431,St. Gallen,2015,10294,28683,15239,936,20.1,15.1,25.4,499065,362744,115324.0,23.51,30.4,15.215804
432,St. Gallen,2016,10318,28915,14946,954,18.4,12.3,29.5,502552,367986,117353.0,25.17,30.4,14.822316
433,St. Gallen,2017,10488,31125,16092,907,18.4,12.3,29.5,504686,372121,119723.0,23.42,30.5,15.067934
434,St. Gallen,2018,10647,31369,15968,912,18.4,12.3,29.5,507697,375953,120931.0,19.77,30.6,15.07533601
435,St. Gallen,2019,10781,31901,15793,976,18.4,12.3,29.5,510734,379922,122402.0,18.36,30.8,15.51908104
436,St. Gallen,2020,11049,32321,15690,927,21.7,11.2,26.9,514504,386499,124818.0,25.76,30.7,15.57591929
437,Tessin,1999,7918,15736,11798,813,25.5,16.4,2.8,308498,229594,80399.0,43.65,29.6,13.41408
438,Tessin,2000,7918,15736,11798,384,25.5,16.4,2.8,310215,235146,80327.0,30.79,29.4,13.936473
439,Tessin,2001,8187,15815,12154,677,25.5,16.4,2.8,312528,240997,78724.0,26.31,29.5,14.305354
440,Tessin,2002,8168,16001,12436,718,25.5,16.4,2.8,315256,246329,78891.0,34.59,29.9,14.000093
441,Tessin,2003,8192,16087,12500,664,25.8,17.6,5.8,317315,246329,78997.0,42.5,30.3,14.366491
442,Tessin,2003,8202,16029,12466,664,25.8,17.6,5.8,317315,246329,78997.0,42.5,30.3,14.366491
443,Tessin,2005,8131,16055,12935,822,25.8,17.6,5.8,322276,254706,79875.0,48.61,30.4,13.742618
444,Tessin,2006,8033,15999,12960,762,25.8,17.6,5.8,324851,258167,80911.0,48.88,30.3,15.05835
445,Tessin,2007,8148,15866,12837,806,23.2,19.0,4.6,328580,263520,81606.0,43.85,30.6,14.127109
446,Tessin,2008,8210,15789,13030,803,23.2,19.0,4.6,332736,266785,82794.0,41.05,30.5,15.783596
447,Tessin,2009,8259,15616,13146,813,23.2,19.0,4.6,335720,270337,84462.0,48.77,30.8,15.294638
448,Tessin,2010,8379,15513,13363,885,23.2,19.0,4.6,333753,275029,85339.0,47.22,30.9,15.991944
449,Tessin,2011,8367,15091,13414,737,20.5,15.1,0.0,336943,281173,86855.0,42.41,30.9,15.269481
450,Tessin,2012,8489,15594,13246,704,20.5,15.1,0.0,341652,286606,88344.0,43.65,31.2,16.03529
451,Tessin,2013,8634,15690,13222,701,20.5,15.1,0.0,346539,291517,91332.0,45.16,31.3,15.565933
452,Tessin,2014,8494,15946,13152,701,20.5,15.1,0.0,350363,296640,94366.0,40.64,31.2,15.752581
453,Tessin,2014,8494,15946,13152,701,20.5,15.1,0.0,350363,296640,94366.0,40.64,31.2,15.752581
454,Tessin,2015,8526,15891,13011,672,18.6,14.6,0.0,351946,301627,96730.0,36.85,31.5,15.531672
455,Tessin,2016,8550,15864,13028,663,18.6,14.6,0.0,354375,305357,97658.0,35.07,31.8,16.034966
456,Tessin,2017,8695,15937,13136,648,18.6,14.6,0.0,353709,306961,99547.0,33.11,31.8,16.321879
457,Tessin,2018,8680,15750,13199,680,18.6,14.6,0.0,353343,306401,98587.0,28.94,32.0,16.72465459
458,Tessin,2019,8629,15481,13418,723,17.6,0.0,0.0,351491,304845,98227.0,27.88,32.2,17.4764359
459,Tessin,2020,8512,15552,13291,687,17.6,0.0,0.0,350986,304109,96858.0,37.04,32.3,16.75945899
460,Thurgau,1999,5373,19147,9426,584,,,,227285,150491,42995.0,20.47,28.4,12.83642
461,Thurgau,2000,5373,19147,9426,404,,,,227306,154928,43040.0,11.99,28.6,12.226128
462,Thurgau,2001,5100,18579,9154,462,,,,228206,159253,42676.0,11.58,28.9,13.304267
463,Thurgau,2002,5207,18093,9334,558,,,,229904,166693,43347.0,19.72,29.2,13.160587
464,Thurgau,2003,5286,17567,9452,510,,,,231836,166693,44100.0,29.3,29.2,13.850222
465,Thurgau,2003,5240,16913,9782,510,,,,231836,166693,44100.0,29.3,29.2,13.850222
466,Thurgau,2005,5174,17057,9743,653,,,,234332,171207,45425.0,30.75,29.8,14.608374
467,Thurgau,2006,4921,16697,9723,586,,,,235764,176515,45643.0,26.53,29.4,14.830151
468,Thurgau,2007,4719,16354,9542,585,,,,238316,178642,45975.0,19.59,29.8,15.034711
469,Thurgau,2008,5017,15823,9364,581,,,,241811,185569,47390.0,19.39,29.8,14.357597
470,Thurgau,2009,5181,15532,9046,558,,,,244805,195878,49869.0,32.03,29.9,14.734882
471,Thurgau,2010,5134,15517,8808,657,,,,248444,192702,51294.0,28.63,30.2,15.722829
472,Thurgau,2011,4918,15379,8642,536,,,,251973,198847,53533.0,20.13,30.3,15.218072
473,Thurgau,2012,4982,15250,8602,475,,,,256213,205349,55701.0,21.75,30.6,15.30233
474,Thurgau,2013,5247,15091,8411,461,,,,260278,210142,58269.0,24.74,30.2,15.006352
475,Thurgau,2014,5274,15420,8122,501,,,,263733,215342,60844.0,23.45,30.4,15.454718
476,Thurgau,2014,5274,15420,8122,501,,,,263733,215342,60844.0,23.45,30.4,15.454718
477,Thurgau,2015,5500,15537,7892,483,,,,267429,221037,62884.0,24.0,30.4,15.708162
478,Thurgau,2016,5509,15584,7869,504,,,,270709,225915,64766.0,25.28,30.6,14.587978
479,Thurgau,2017,5581,16565,8292,475,,,,273801,230743,66331.0,21.87,30.6,16.002568
480,Thurgau,2018,5807,16651,8269,487,,,,276472,234550,67683.0,20.0,30.5,15.1207227
481,Thurgau,2019,6007,16935,8165,527,,,,279547,237783,68758.0,18.91,30.8,15.79493043
482,Thurgau,2020,6203,17141,8288,497,,,,282909,242479,70313.0,25.41,30.7,16.43849402
483,Uri,1999,552,2772,1351,57,,,,35487,21203,3003.0,10.27,28.7,14.14477
484,Uri,2000,552,2772,1351,20,,,,35246,21081,2961.0,5.31,28.6,9.877879
485,Uri,2001,508,2731,1318,45,,,,34992,21540,2836.0,4.04,29.9,16.250976
486,Uri,2002,518,2702,1278,50,,,,35209,22479,2756.0,7.08,29.6,14.557425
487,Uri,2003,510,2637,1284,32,,,,35118,22479,2861.0,10.7,29.5,13.910551
488,Uri,2003,494,2581,1284,32,,,,35118,22479,2861.0,10.7,29.5,13.910551
489,Uri,2005,492,2498,1323,60,,,,35087,22640,2934.0,13.13,30.7,15.652046
490,Uri,2006,462,2435,1308,41,,,,34948,21996,2969.0,10.93,30.2,13.372194
491,Uri,2007,471,2403,1287,55,,,,34989,22269,2959.0,10.52,29.7,15.312233
492,Uri,2008,492,2375,1272,54,34.7,3.6,30.4,35162,22393,3046.0,8.26,30.1,14.551334
493,Uri,2009,520,2321,1235,40,34.7,3.6,30.4,35335,23531,3217.0,12.97,30.4,12.993873
494,Uri,2010,490,2260,1220,50,34.7,3.6,30.4,35422,24112,3330.0,13.43,30.9,17.921881
495,Uri,2011,650,2204,1153,47,34.7,3.6,30.4,35382,24637,3451.0,11.72,30.1,15.037945
496,Uri,2012,624,2183,1140,56,36.6,0.0,24.6,35693,25271,3475.0,13.41,31.0,13.440745
497,Uri,2013,623,2171,1114,47,36.6,0.0,24.6,35865,25704,3755.0,12.56,31.8,14.933301
498,Uri,2014,657,2131,1112,41,36.6,0.0,24.6,36008,26019,3978.0,10.54,30.1,14.224969
499,Uri,2014,657,2131,1112,41,36.6,0.0,24.6,36008,26019,3978.0,10.54,30.1,14.224969
500,Uri,2015,701,2125,1091,48,36.6,0.0,24.6,35973,26497,4144.0,10.37,31.1,14.292762
501,Uri,2016,694,2120,1084,41,31.3,2.8,24.1,36145,26858,4133.0,10.46,31.7,16.535212
502,Uri,2017,710,2176,1061,46,31.3,2.8,24.1,36299,27219,4295.0,9.74,31.1,13.640409
503,Uri,2018,746,2135,1065,40,31.3,2.8,24.1,36433,27531,4371.0,7.63,31.0,18.94575985
504,Uri,2019,682,2147,1048,47,31.3,2.8,24.1,36703,27907,4497.0,10.62,31.1,15.36729681
505,Uri,2020,679,2156,1050,48,30.9,1.4,24.6,36819,28182,4619.0,14.75,30.5,17.07116536
506,Waadt,1999,14645,30331,32948,2178,1.6,24.2,8.9,616275,398005,159454.0,41.45,28.6,13.655861
507,Waadt,2000,14645,30331,32948,893,1.6,24.2,8.9,620294,409159,162609.0,29.29,28.7,13.513041
508,Waadt,2001,14677,30112,35569,1934,1.6,24.2,8.9,624980,419338,163970.0,26.57,28.7,14.037121
509,Waadt,2002,14677,29780,36658,1752,2.2,23.8,11.9,631039,434949,167376.0,33.09,28.8,13.93261
510,Waadt,2003,14464,29844,37342,1686,2.2,23.8,11.9,639105,434949,171214.0,46.5,28.9,13.723512
511,Waadt,2003,14714,29972,37480,1686,2.2,23.8,11.9,639105,434949,171214.0,46.5,28.9,13.723512
512,Waadt,2005,14827,30162,38146,2153,2.2,23.8,11.9,654093,445720,183447.0,53.35,29.3,14.059477
513,Waadt,2006,14533,30232,37916,2125,2.2,23.8,11.9,662145,443258,186640.0,47.73,29.4,14.240937
514,Waadt,2007,14264,30125,37909,2028,0.4,22.5,15.6,672039,448967,191114.0,41.1,29.6,14.546881
515,Waadt,2008,14108,30164,37637,1949,0.4,22.5,15.6,688245,456545,195071.0,38.67,30.0,14.621314
516,Waadt,2009,14508,29886,37954,1852,0.4,22.5,15.6,701526,451779,205928.0,51.28,30.0,14.886085
517,Waadt,2010,15105,31065,40188,2111,0.4,22.5,15.6,713281,463186,213619.0,49.58,30.0,14.721201
518,Waadt,2011,15614,31224,40257,1585,0.4,22.5,15.6,725944,474271,220929.0,44.12,30.2,14.59946
519,Waadt,2012,15774,31657,40284,1679,0.0,24.6,17.1,734356,486179,229224.0,46.52,30.0,14.757353
520,Waadt,2013,16446,47129,26074,1721,0.0,24.6,17.1,749373,494475,236267.0,50.08,30.6,14.548739
521,Waadt,2014,16899,48272,25629,1508,0.0,24.6,17.1,761446,503127,245880.0,45.95,30.7,15.090759
522,Waadt,2014,16899,48272,25629,1508,0.0,24.6,17.1,761446,503127,245880.0,45.95,30.7,15.090759
523,Waadt,2015,16885,49480,25333,1798,0.0,24.6,17.1,773407,512471,252322.0,46.78,30.4,14.510646
524,Waadt,2016,16483,50546,25569,1792,0.0,24.6,17.1,784822,521827,259668.0,47.22,30.7,14.423676
525,Waadt,2017,17013,53230,27050,1606,0.0,23.4,15.8,793129,528486,263865.0,43.16,30.9,14.755258
526,Waadt,2018,17338,53542,27614,1566,0.0,23.4,15.8,799145,533615,266012.0,36.28,31.2,15.81253023
527,Waadt,2019,17499,54071,28000,1708,0.0,23.4,15.8,805098,535684,265267.0,34.03,31.1,15.43287311
528,Waadt,2020,17516,54078,28340,1590,0.0,23.4,15.8,814762,543109,265684.0,45.35,31.1,15.93742273
529,Wallis,1999,6715,21817,10072,696,53.6,17.0,0.0,275632,188210,45611.0,34.53,28.3,13.598284
530,Wallis,2000,6715,21817,10072,390,53.6,17.0,0.0,276170,192349,45857.0,21.68,28.5,14.19179
531,Wallis,2001,6379,21074,10423,563,54.1,13.5,4.6,278419,197764,45175.0,20.57,28.7,13.667439
532,Wallis,2002,6287,21003,10606,554,54.1,13.5,4.6,281345,208282,45773.0,25.86,28.9,14.896068
533,Wallis,2003,6175,20980,10773,616,54.1,13.5,4.6,285008,208282,47121.0,34.3,29.1,13.711067
534,Wallis,2003,6128,20696,11085,616,54.1,13.5,4.6,285008,208282,47121.0,34.3,29.1,13.711067
535,Wallis,2005,6062,20394,11234,637,53.2,8.0,6.4,291575,216524,50628.0,39.61,29.3,14.941501
536,Wallis,2006,6067,20125,11067,771,53.2,8.0,6.4,294608,223345,52839.0,34.93,29.6,15.811661
537,Wallis,2007,5765,19907,10957,678,53.2,8.0,6.4,298580,227549,54344.0,31.83,29.8,16.040557
538,Wallis,2008,5732,19652,10675,657,53.2,8.0,6.4,303241,230172,57061.0,31.0,29.9,16.753906
539,Wallis,2009,5843,19394,10660,635,48.5,7.0,11.5,307392,237471,60557.0,41.31,30.1,16.34238
540,Wallis,2010,5890,18585,10724,819,48.5,7.0,11.5,312684,243166,62794.0,36.71,30.1,15.614132
541,Wallis,2011,6103,18965,10703,684,48.5,7.0,11.5,317022,250662,65674.0,31.93,29.9,15.310378
542,Wallis,2012,6177,19149,10571,694,48.5,7.0,11.5,321732,258557,67234.0,35.2,30.3,15.557299
543,Wallis,2013,6269,19121,10620,632,43.8,4.8,17.2,327011,263102,69598.0,40.5,30.3,15.008879
544,Wallis,2014,6419,19357,10365,653,43.8,4.8,17.2,331763,268093,72738.0,38.91,30.5,15.762381
545,Wallis,2014,6419,19357,10365,653,43.8,4.8,17.2,331763,268093,72738.0,38.91,30.5,15.762381
546,Wallis,2015,6516,19605,10259,694,43.8,4.8,17.2,335696,274284,75278.0,40.37,30.5,16.036157
547,Wallis,2016,6418,20235,10017,680,43.8,4.8,17.2,339176,280362,77084.0,39.48,30.6,16.513715
548,Wallis,2017,6580,20436,10448,653,41.7,3.3,16.4,341463,285841,78732.0,34.9,30.5,16.646977
549,Wallis,2018,6793,20379,10492,713,41.7,3.3,16.4,343955,290611,78381.0,30.19,31.0,15.35417847
550,Wallis,2019,6827,20490,10695,711,41.7,3.3,16.4,345525,293414,78076.0,27.18,30.8,16.46809207
551,Wallis,2020,6847,20797,10702,704,41.7,3.3,16.4,348503,298242,78022.0,37.74,31.1,16.59985843
552,Zug,1999,1762,6499,3274,270,33.6,6.1,12.6,97758,65292,18075.0,23.26,29.8,14.133081
553,Zug,2000,1762,6499,3274,124,33.6,6.1,12.6,99388,67936,18618.0,11.27,30.1,14.143599
554,Zug,2001,1972,6539,3395,225,33.6,6.1,12.6,101022,70533,19181.0,13.78,30.4,15.107124
555,Zug,2002,1985,6659,3427,227,29.0,8.3,21.3,102407,74288,19794.0,26.5,30.0,15.167552
556,Zug,2003,1992,6624,3459,181,29.0,8.3,21.3,103642,74288,20302.0,36.1,30.4,14.661208
557,Zug,2003,1969,6636,3564,181,29.0,8.3,21.3,103642,74288,20302.0,36.1,30.4,14.661208
558,Zug,2005,1988,6577,3622,291,29.0,8.3,21.3,106496,77821,21412.0,31.51,30.9,15.936625
559,Zug,2006,1990,6575,3624,262,28.7,6.8,19.8,107171,77662,21899.0,25.12,30.2,16.484243
560,Zug,2007,1962,6649,3523,255,28.7,6.8,19.8,109141,79458,22406.0,19.46,31.2,17.367684
561,Zug,2008,1940,6624,3614,257,28.7,6.8,19.8,110384,81484,23997.0,17.82,31.2,15.994938
562,Zug,2009,2056,6537,3547,245,28.7,6.8,19.8,110890,81920,25287.0,28.17,30.6,17.302285
563,Zug,2010,2009,6980,3827,280,26.5,9.1,22.7,113105,84109,25883.0,23.63,31.2,16.977238
564,Zug,2011,2234,6911,3825,242,26.5,9.1,22.7,115104,86575,26778.0,18.62,31.3,16.567454
565,Zug,2012,2387,6924,3745,244,26.5,9.1,22.7,116575,89200,28356.0,18.47,31.1,17.921155
566,Zug,2013,2295,6962,3842,229,26.5,9.1,22.7,118118,91368,29455.0,21.05,31.1,16.933425
567,Zug,2014,2425,7036,3826,205,26.8,9.3,23.6,120089,93969,30543.0,21.47,31.0,17.760566
568,Zug,2014,2425,7036,3826,205,26.8,9.3,23.6,120089,93969,30543.0,21.47,31.0,17.760566
569,Zug,2015,2519,7132,3812,222,26.8,9.3,23.6,122134,96634,31643.0,22.1,31.1,16.324929
570,Zug,2016,2500,7334,3763,223,26.8,9.3,23.6,123948,99290,32977.0,23.64,31.9,17.05663
571,Zug,2017,2530,7816,3920,191,26.8,9.3,23.6,125421,101899,34139.0,23.33,31.1,16.809927
572,Zug,2018,2573,7927,3973,236,25.6,11.8,22.4,126837,107114,34991.0,21.08,31.1,16.77352029
573,Zug,2019,2630,7876,4072,244,25.6,11.8,22.4,127642,109072,35920.0,19.38,31.5,17.06688187
574,Zug,2020,2708,7970,4167,218,25.6,11.8,22.4,128794,112832,36167.0,25.4,31.6,15.03256001
575,Zürich,1999,24834,73895,37003,3828,6.7,22.1,28.9,1198569,717603,251516.0,28.74,29.4,12.011079
576,Zürich,2000,24834,73895,37003,1977,6.7,22.1,28.9,1211647,735432,257487.0,18.05,29.4,11.600942
577,Zürich,2001,24555,74315,37402,2708,6.7,22.1,28.9,1226931,756328,261090.0,17.19,29.3,12.459978
578,Zürich,2002,25025,75218,38221,2959,6.7,22.1,28.9,1241312,780891,269660.0,29.86,29.4,12.256985
579,Zürich,2003,24887,75237,38455,3218,6.4,26.5,30.3,1249893,780891,275697.0,45.0,29.5,12.731778
580,Zürich,2003,24705,74840,39078,3218,6.4,26.5,30.3,1249893,780891,275697.0,45.0,29.5,12.731778
581,Zürich,2005,24895,74638,39127,4356,6.4,26.5,30.3,1272590,817571,282145.0,40.15,30.0,13.65351
582,Zürich,2006,24421,75020,39125,4036,6.4,26.5,30.3,1284052,829208,285205.0,33.42,30.2,13.63414
583,Zürich,2007,24545,75218,38930,3850,7.2,19.5,30.5,1307567,851534,285478.0,26.31,30.2,13.565192
584,Zürich,2008,25113,75392,38884,3929,7.2,19.5,30.5,1332727,843134,299842.0,24.46,30.7,13.585862
585,Zürich,2009,25986,76104,39224,3957,7.2,19.5,30.5,1351297,835731,313545.0,37.07,30.6,13.30553
586,Zürich,2010,26651,77695,40085,4379,7.2,19.5,30.5,1373068,849622,320188.0,35.73,30.7,13.296676
587,Zürich,2011,26803,78299,39910,3349,4.9,19.3,29.6,1392396,865922,330757.0,28.5,30.7,13.769832
588,Zürich,2012,27780,78518,39808,3326,4.9,19.3,29.6,1408575,884203,342208.0,29.66,30.6,13.420301
589,Zürich,2013,28687,79308,39830,3195,4.9,19.3,29.6,1425538,895564,351103.0,31.97,30.7,13.73054
590,Zürich,2014,30018,81146,39938,3184,4.9,19.3,29.6,1446354,906010,361426.0,31.68,30.8,14.12699
591,Zürich,2014,30018,81146,39938,3184,4.9,19.3,29.6,1446354,906010,361426.0,31.68,30.8,14.12699
592,Zürich,2015,31045,82969,39982,3127,4.9,19.7,30.0,1466424,925409,373289.0,34.08,30.7,14.057385
593,Zürich,2016,31727,85352,40249,3193,4.9,19.7,30.0,1487969,938520,383052.0,36.63,30.9,14.004915
594,Zürich,2017,32419,89398,42420,2979,4.9,19.7,30.0,1504346,947068,395338.0,33.98,31.0,14.271356
595,Zürich,2018,33222,91654,42867,3046,4.9,19.7,30.0,1520968,953698,402332.0,25.44,31.1,14.12460296
596,Zürich,2019,34224,93900,43342,3100,4.3,19.3,24.5,1539275,959484,408394.0,21.28,31.4,14.18779585
597,Zürich,2020,34376,96088,44004,2823,4.3,19.3,24.5,1553423,970446,416780.0,30.27,31.5,14.69957998
